ID	POP	EUR	EAS	AMR	SAS	AFR	tissue
TCGA-02-0001	EUR	0.863131	1e-05	1e-05	0.112753	0.024096	Blood Derived Normal
TCGA-02-0003	EUR	0.840313	0.005766	0.003928	0.079155	0.070838	Blood Derived Normal
TCGA-02-0004	EUR	0.989096	0.002585	0.005466	1e-05	0.002843	Blood Derived Normal
TCGA-02-0006	EUR	0.982786	0.00181	0.013489	1e-05	0.001905	Blood Derived Normal
TCGA-02-0007	EUR	0.997286	1e-05	0.000248	0.001165	0.001291	Blood Derived Normal
TCGA-02-0009	EUR	0.994804	1e-05	1e-05	0.005166	1e-05	Blood Derived Normal
TCGA-02-0010	EUR	0.992799	1e-05	1e-05	0.002441	0.00474	Blood Derived Normal
TCGA-02-0011	EUR	0.744644	0.002232	0.252776	0.000338	1e-05	Blood Derived Normal
TCGA-02-0014	EUR	0.990348	0.00235	1e-05	1e-05	0.007282	Blood Derived Normal
TCGA-02-0015	AFR	0.021504	0.003364	1e-05	1e-05	0.975111	Blood Derived Normal
TCGA-02-0016	EUR	0.749225	0.054388	1e-05	1e-05	0.196367	Blood Derived Normal
TCGA-02-0021	EUR	0.961514	1e-05	0.038126	1e-05	0.00034	Blood Derived Normal
TCGA-02-0023	EUR	0.756664	0.05944	1e-05	1e-05	0.183876	Blood Derived Normal
TCGA-02-0024	EUR	0.97294	1e-05	0.013707	0.003389	0.009954	Blood Derived Normal
TCGA-02-0025	EUR	0.952394	1e-05	1e-05	0.036541	0.011045	Blood Derived Normal
TCGA-02-0026	EUR	0.764025	0.052717	1e-05	1e-05	0.183238	Blood Derived Normal
TCGA-02-0027	EUR	0.996133	1e-05	1e-05	0.003528	0.000319	Blood Derived Normal
TCGA-02-0028	EUR	0.983323	0.006439	1e-05	1e-05	0.010217	Blood Derived Normal
TCGA-02-0033	AFR	1e-05	0.010129	0.037255	1e-05	0.952596	Blood Derived Normal
TCGA-02-0034	EUR	0.977268	0.005137	1e-05	0.017575	1e-05	Blood Derived Normal
TCGA-02-0037	EUR	0.978524	0.003489	1e-05	0.015202	0.002776	Blood Derived Normal
TCGA-02-0038	EUR	0.99996	1e-05	1e-05	1e-05	1e-05	Blood Derived Normal
TCGA-02-0039	EUR	0.988774	1e-05	0.006395	1e-05	0.00481	Blood Derived Normal
TCGA-02-0043	AMR	0.187274	0.0092	0.803506	1e-05	1e-05	Blood Derived Normal
TCGA-02-0046	EUR	0.993766	0.00109	1e-05	0.004523	0.000611	Blood Derived Normal
TCGA-02-0047	EUR	0.887189	0.003933	0.03668	1e-05	0.072188	Blood Derived Normal
TCGA-02-0048	EUR	0.943868	0.012103	1e-05	1e-05	0.044009	Blood Derived Normal
TCGA-02-0051	EUR	0.768123	0.04783	1e-05	1e-05	0.184027	Blood Derived Normal
TCGA-02-0052	EUR	0.990413	1.4e-05	1e-05	0.007196	0.002367	Blood Derived Normal
TCGA-02-0054	EUR	0.844222	0.040856	1e-05	1e-05	0.114903	Blood Derived Normal
TCGA-02-0055	EUR	0.983568	0.005567	0.010845	1e-05	1e-05	Blood Derived Normal
TCGA-02-0057	EUR	0.982843	1e-05	0.003032	0.006262	0.007853	Blood Derived Normal
TCGA-02-0058	EUR	0.994497	1.7e-05	0.002339	1e-05	0.003138	Blood Derived Normal
TCGA-02-0059	EUR	0.768373	0.049848	1e-05	1e-05	0.181759	Blood Derived Normal
TCGA-02-0060	EUR	0.95274	0.028348	1e-05	1e-05	0.018892	Blood Derived Normal
TCGA-02-0064	EUR	0.98825	0.000361	3.3e-05	0.010684	0.000672	Blood Derived Normal
TCGA-02-0068	EUR	0.753344	0.058139	1.1e-05	1e-05	0.188496	Blood Derived Normal
TCGA-02-0069	EAS	0.009821	0.990141	1e-05	1.9e-05	1e-05	Blood Derived Normal
TCGA-02-0070	EUR	0.765634	0.050345	1.6e-05	1e-05	0.183995	Blood Derived Normal
TCGA-02-0071	EUR	0.977152	1e-05	0.020933	1e-05	0.001895	Blood Derived Normal
TCGA-02-0074	EUR	0.779889	0.046207	1e-05	1e-05	0.173883	Blood Derived Normal
TCGA-02-0075	EUR	0.977611	1e-05	0.005599	0.015214	0.001566	Blood Derived Normal
TCGA-02-0079	EUR	0.992538	1e-05	1e-05	1e-05	0.007432	Blood Derived Normal
TCGA-02-0080	EUR	0.98274	0.008021	1e-05	1e-05	0.009218	Blood Derived Normal
TCGA-02-0083	EUR	0.994807	1e-05	1e-05	0.005163	1e-05	Blood Derived Normal
TCGA-02-0084	EUR	0.978572	1e-05	1e-05	0.021398	1e-05	Blood Derived Normal
TCGA-02-0085	EUR	0.99468	1e-05	1e-05	0.00529	1e-05	Blood Derived Normal
TCGA-02-0086	EUR	0.998108	0.001862	1e-05	1e-05	1e-05	Blood Derived Normal
TCGA-02-0089	EUR	0.998869	1e-05	1e-05	0.000929	0.000182	Blood Derived Normal
TCGA-02-0099	EUR	0.977642	1e-05	1e-05	0.017643	0.004695	Blood Derived Normal
TCGA-02-0102	EUR	0.852522	1e-05	1e-05	0.113101	0.034357	Blood Derived Normal
TCGA-02-0104	EUR	0.776843	0.04941	1e-05	1e-05	0.173727	Blood Derived Normal
TCGA-02-0107	EUR	0.982987	0.0064	1e-05	0.006622	0.003982	Blood Derived Normal
TCGA-02-0113	EUR	0.976999	0.009559	1e-05	0.011889	0.001543	Blood Derived Normal
TCGA-02-0114	AFR	0.142941	1e-05	1e-05	0.010975	0.846064	Blood Derived Normal
TCGA-02-0115	EUR	0.997083	1e-05	1e-05	0.002887	1e-05	Blood Derived Normal
TCGA-02-0116	EUR	0.968825	0.001776	1e-05	0.029379	1e-05	Blood Derived Normal
TCGA-02-2466	EUR	0.993091	1e-05	1e-05	0.006428	0.000461	Blood Derived Normal
TCGA-02-2470	EUR	0.992822	0.006439	1e-05	1e-05	0.00072	Blood Derived Normal
TCGA-02-2483	EUR	0.993562	1e-05	0.001811	0.001507	0.003109	Blood Derived Normal
TCGA-02-2485	EUR	0.99996	1e-05	1e-05	1e-05	1e-05	Blood Derived Normal
TCGA-02-2486	EUR	0.993788	1e-05	1e-05	0.006182	1e-05	Blood Derived Normal
TCGA-04-1331	EUR	0.99996	1e-05	1e-05	1e-05	1e-05	Blood Derived Normal
TCGA-04-1332	EUR	0.998941	0.000961	1e-05	7.9e-05	1e-05	Blood Derived Normal
TCGA-04-1341	EUR	0.992244	1e-05	1e-05	0.007726	1e-05	Blood Derived Normal
TCGA-04-1343	EUR	0.99996	1e-05	1e-05	1e-05	1e-05	Blood Derived Normal
TCGA-04-1362	EUR	0.99996	1e-05	1e-05	1e-05	1e-05	Blood Derived Normal
TCGA-04-1364	EUR	0.999201	0.000769	1e-05	1e-05	1e-05	Blood Derived Normal
TCGA-04-1365	EUR	0.999599	0.000371	1e-05	1e-05	1e-05	Blood Derived Normal
TCGA-04-1367	EUR	0.997159	1e-05	0.002609	0.000212	1e-05	Blood Derived Normal
TCGA-04-1514	EUR	0.911836	0.018904	1.3e-05	1e-05	0.069237	Blood Derived Normal
TCGA-04-1525	EUR	0.997844	0.002126	1e-05	1e-05	1e-05	Blood Derived Normal
TCGA-04-1530	EUR	0.997856	1e-05	0.001304	1e-05	0.00082	Blood Derived Normal
TCGA-04-1542	EUR	0.999011	1e-05	1e-05	0.000959	1e-05	Blood Derived Normal
TCGA-04-1655	EUR	0.977011	0.000862	0.022108	1e-05	1e-05	Blood Derived Normal
TCGA-05-4244	EUR	0.893103	1e-05	1e-05	0.082254	0.024623	Blood Derived Normal
TCGA-05-4249	EUR	0.99996	1e-05	1e-05	1e-05	1e-05	Blood Derived Normal
TCGA-05-4250	EUR	0.993646	1e-05	1e-05	0.006324	1e-05	Blood Derived Normal
TCGA-05-4382	EUR	0.996173	0.003244	1e-05	1e-05	0.000563	Blood Derived Normal
TCGA-05-4384	EUR	0.992655	0.002416	0.003329	1e-05	0.001589	Blood Derived Normal
TCGA-05-4389	EUR	0.947119	0.001647	1e-05	0.01635	0.034874	Blood Derived Normal
TCGA-05-4390	EUR	0.992048	1e-05	1e-05	1e-05	0.007922	Blood Derived Normal
TCGA-05-4395	EUR	0.997465	1e-05	1e-05	1e-05	0.002505	Blood Derived Normal
TCGA-05-4396	EUR	0.99996	1e-05	1e-05	1e-05	1e-05	Blood Derived Normal
TCGA-05-4397	EAS	1e-05	0.995007	1e-05	0.004963	1e-05	Blood Derived Normal
TCGA-05-4398	EUR	0.996608	1e-05	1e-05	0.003362	1e-05	Blood Derived Normal
TCGA-05-4402	EUR	0.991056	0.004917	0.004007	1e-05	1e-05	Blood Derived Normal
TCGA-05-4403	EUR	0.96535	0.002176	0.002231	0.026756	0.003487	Blood Derived Normal
TCGA-05-4405	EUR	0.983115	0.000936	0.014806	0.000791	0.000352	Blood Derived Normal
TCGA-05-4410	EUR	0.991759	1e-05	0.007986	1e-05	0.000235	Blood Derived Normal
TCGA-05-4415	EUR	0.994923	1e-05	1e-05	0.005047	1e-05	Blood Derived Normal
TCGA-05-4417	EUR	0.997706	0.002264	1e-05	1e-05	1e-05	Blood Derived Normal
TCGA-05-4418	EUR	0.975341	0.001801	1e-05	0.022838	1e-05	Blood Derived Normal
TCGA-05-4420	EUR	0.99996	1e-05	1e-05	1e-05	1e-05	Blood Derived Normal
TCGA-05-4422	EUR	0.997532	0.002438	1e-05	1e-05	1e-05	Blood Derived Normal
TCGA-05-4424	EUR	0.957087	0.011585	1e-05	1e-05	0.031308	Blood Derived Normal
TCGA-05-4425	EUR	0.983923	0.000261	0.008146	1e-05	0.00766	Blood Derived Normal
TCGA-05-4426	EUR	0.744882	1e-05	0.014102	0.211844	0.029162	Blood Derived Normal
TCGA-05-4427	EUR	0.99996	1e-05	1e-05	1e-05	1e-05	Blood Derived Normal
TCGA-05-4430	AFR	0.065139	0.004706	1e-05	1e-05	0.930135	Blood Derived Normal
TCGA-05-4432	EUR	0.988784	0.006823	1e-05	1e-05	0.004373	Blood Derived Normal
TCGA-05-4433	EUR	0.994251	0.005719	1e-05	1e-05	1e-05	Blood Derived Normal
TCGA-05-4434	EUR	0.999508	0.000462	1e-05	1e-05	1e-05	Blood Derived Normal
TCGA-05-5423	EUR	0.991846	0.002445	1e-05	0.005689	1e-05	Blood Derived Normal
TCGA-05-5425	EUR	0.501895	0.103223	0.038717	1e-05	0.356155	Blood Derived Normal
TCGA-05-5428	EUR	0.912684	0.018316	1e-05	1e-05	0.06898	Blood Derived Normal
TCGA-05-5429	EUR	0.95674	0.025939	0.014465	0.002847	1e-05	Blood Derived Normal
TCGA-05-5715	EUR	0.99996	1e-05	1e-05	1e-05	1e-05	Blood Derived Normal
TCGA-06-0119	EUR	0.992987	0.001172	1e-05	1e-05	0.005821	Blood Derived Normal
TCGA-06-0121	AFR	0.263175	0.124007	0.059847	1e-05	0.552961	Blood Derived Normal
TCGA-06-0122	EUR	0.683832	0.064844	0.01349	1e-05	0.237824	Blood Derived Normal
TCGA-06-0122	EUR	0.995162	1e-05	1e-05	0.004303	0.000515	Blood Derived Normal
TCGA-06-0124	EUR	0.973467	1e-05	1e-05	0.02507	0.001443	Blood Derived Normal
TCGA-06-0124	EUR	0.999958	1.2e-05	1e-05	1e-05	1e-05	Blood Derived Normal
TCGA-06-0125	EUR	0.99044	1e-05	1e-05	0.00953	1e-05	Blood Derived Normal
TCGA-06-0125	EUR	0.937813	0.018123	0.001771	1e-05	0.042283	Blood Derived Normal
TCGA-06-0126	EUR	0.994967	0.002905	1e-05	1e-05	0.002107	Blood Derived Normal
TCGA-06-0126	EUR	0.675265	0.059279	0.012779	0.029749	0.222928	Blood Derived Normal
TCGA-06-0127	EUR	0.994825	0.004902	1e-05	0.000253	1e-05	Blood Derived Normal
TCGA-06-0128	EUR	0.994944	0.000869	1.2e-05	0.004166	1e-05	Blood Derived Normal
TCGA-06-0128	EUR	0.981911	0.007716	0.005928	0.004434	1e-05	Blood Derived Normal
TCGA-06-0129	EUR	0.890913	0.017423	0.002547	0.024554	0.064563	Blood Derived Normal
TCGA-06-0129	EUR	0.533804	0.070081	1e-05	0.17535	0.220755	Blood Derived Normal
TCGA-06-0130	EUR	0.855066	1e-05	0.006099	0.115557	0.023268	Blood Derived Normal
TCGA-06-0130	EUR	0.993017	1e-05	0.006248	1e-05	0.000715	Blood Derived Normal
TCGA-06-0132	EUR	0.691672	1e-05	0.270417	1e-05	0.037891	Blood Derived Normal
TCGA-06-0133	EUR	0.927673	0.043894	0.010622	0.017801	1e-05	Blood Derived Normal
TCGA-06-0137	EUR	0.90054	0.022883	1e-05	1e-05	0.076557	Blood Derived Normal
TCGA-06-0138	EUR	0.907035	1e-05	1e-05	0.075565	0.01738	Blood Derived Normal
TCGA-06-0139	EUR	0.992054	1e-05	1e-05	0.003479	0.004446	Blood Derived Normal
TCGA-06-0140	EUR	0.996139	0.000269	0.003124	1e-05	0.000459	Blood Derived Normal
TCGA-06-0141	EUR	0.992346	0.004548	1e-05	1e-05	0.003087	Blood Derived Normal
TCGA-06-0141	EUR	0.916519	0.065405	0.018056	1e-05	1e-05	Blood Derived Normal
TCGA-06-0142	EUR	0.97787	0.019069	1e-05	0.003041	1e-05	Blood Derived Normal
TCGA-06-0143	AMR	0.086361	0.015754	0.887958	0.009918	1e-05	Blood Derived Normal
TCGA-06-0143	AFR	1e-05	1e-05	1e-05	1e-05	0.99996	Blood Derived Normal
TCGA-06-0145	EUR	0.981971	0.007208	1e-05	1e-05	0.010801	Blood Derived Normal
TCGA-06-0147	EUR	0.999014	0.000602	1e-05	1e-05	0.000364	Blood Derived Normal
TCGA-06-0147	EUR	0.852596	0.030349	0.000694	1e-05	0.116351	Blood Derived Normal
TCGA-06-0148	EUR	0.969895	0.00392	0.005217	1e-05	0.020959	Blood Derived Normal
TCGA-06-0148	AFR	0.219416	0.020384	0.00638	1e-05	0.753809	Blood Derived Normal
TCGA-06-0150	EUR	0.996221	0.000581	1e-05	1e-05	0.003177	Blood Derived Normal
TCGA-06-0151	EUR	0.999449	0.000521	1e-05	1e-05	1e-05	Blood Derived Normal
TCGA-06-0152	EUR	0.99996	1e-05	1e-05	1e-05	1e-05	Blood Derived Normal
TCGA-06-0154	EUR	0.999467	0.000503	1e-05	1e-05	1e-05	Blood Derived Normal
TCGA-06-0155	EUR	0.939308	0.013212	0.002893	1e-05	0.044577	Blood Derived Normal
TCGA-06-0157	EUR	0.986695	0.000145	0.003983	0.007505	0.001673	Blood Derived Normal
TCGA-06-0158	EUR	0.879402	1e-05	1e-05	0.105195	0.015383	Blood Derived Normal
TCGA-06-0159	EUR	0.973959	1.8e-05	0.018533	1e-05	0.00748	Blood Derived Normal
TCGA-06-0160	EUR	0.993434	0.006536	1e-05	1e-05	1e-05	Blood Derived Normal
TCGA-06-0165	EUR	0.984605	0.003867	1e-05	0.011509	1e-05	Blood Derived Normal
TCGA-06-0166	EUR	0.618989	0.067	0.041448	0.017095	0.255468	Blood Derived Normal
TCGA-06-0167	AFR	0.266552	0.005062	1e-05	0.003697	0.724679	Blood Derived Normal
TCGA-06-0168	EUR	0.99996	1e-05	1e-05	1e-05	1e-05	Blood Derived Normal
TCGA-06-0169	EUR	0.991748	0.003704	1e-05	0.004528	1e-05	Blood Derived Normal
TCGA-06-0171	EUR	0.861348	1e-05	0.002603	0.12098	0.015059	Blood Derived Normal
TCGA-06-0173	EUR	0.99996	1e-05	1e-05	1e-05	1e-05	Blood Derived Normal
TCGA-06-0174	EUR	0.999853	0.000117	1e-05	1e-05	1e-05	Blood Derived Normal
TCGA-06-0176	EUR	0.991446	0.008225	1e-05	1e-05	0.000309	Blood Derived Normal
TCGA-06-0178	EUR	0.99996	1e-05	1e-05	1e-05	1e-05	Blood Derived Normal
TCGA-06-0184	EUR	0.99284	4.2e-05	1e-05	1e-05	0.007098	Blood Derived Normal
TCGA-06-0185	EUR	0.99996	1e-05	1e-05	1e-05	1e-05	Blood Derived Normal
TCGA-06-0187	EUR	0.976796	0.007328	0.004924	0.004171	0.006781	Blood Derived Normal
TCGA-06-0188	EUR	0.997689	1e-05	1e-05	0.000381	0.00191	Blood Derived Normal
TCGA-06-0189	EUR	0.993687	0.000743	1e-05	1e-05	0.00555	Blood Derived Normal
TCGA-06-0190	EUR	0.99996	1e-05	1e-05	1e-05	1e-05	Blood Derived Normal
TCGA-06-0192	EUR	0.910716	1e-05	1e-05	0.073246	0.016018	Blood Derived Normal
TCGA-06-0195	EUR	0.99996	1e-05	1e-05	1e-05	1e-05	Blood Derived Normal
TCGA-06-0197	EUR	0.99996	1e-05	1e-05	1e-05	1e-05	Blood Derived Normal
TCGA-06-0201	EUR	0.997957	1e-05	1e-05	0.002013	1e-05	Blood Derived Normal
TCGA-06-0206	EUR	0.9628	0.03088	0.000864	0.003919	0.001537	Blood Derived Normal
TCGA-06-0208	EUR	0.984166	0.002221	0.01243	1e-05	0.001173	Blood Derived Normal
TCGA-06-0209	EUR	0.974114	0.001526	0.000186	1e-05	0.024164	Blood Derived Normal
TCGA-06-0210	EUR	0.985338	0.004778	1e-05	1e-05	0.009864	Blood Derived Normal
TCGA-06-0211	EUR	0.995451	1e-05	0.004519	1e-05	1e-05	Blood Derived Normal
TCGA-06-0213	EUR	0.994181	0.005789	1e-05	1e-05	1e-05	Blood Derived Normal
TCGA-06-0214	EUR	0.997525	1e-05	0.001158	1e-05	0.001297	Blood Derived Normal
TCGA-06-0216	EUR	0.986118	0.008964	1e-05	0.003895	0.001013	Blood Derived Normal
TCGA-06-0216	EUR	0.979288	0.009697	1e-05	0.010437	0.000568	Blood Derived Normal
TCGA-06-0219	EUR	0.998084	0.00188	1.6e-05	1e-05	1e-05	Blood Derived Normal
TCGA-06-0221	EUR	0.938448	1e-05	0.006727	0.041634	0.013182	Blood Derived Normal
TCGA-06-0237	EUR	0.992011	1e-05	1e-05	0.005783	0.002186	Blood Derived Normal
TCGA-06-0238	AFR	1e-05	0.004362	1e-05	1e-05	0.995608	Blood Derived Normal
TCGA-06-0240	EUR	0.998089	4.3e-05	1e-05	1e-05	0.001848	Blood Derived Normal
TCGA-06-0241	EUR	0.996504	1e-05	0.003407	6.9e-05	1e-05	Blood Derived Normal
TCGA-06-0644	EUR	0.989442	1e-05	0.007169	0.003369	1e-05	Blood Derived Normal
TCGA-06-0645	EUR	0.989484	1e-05	1e-05	1e-05	0.010486	Blood Derived Normal
TCGA-06-0646	EUR	0.992326	1e-05	1e-05	0.007644	1e-05	Blood Derived Normal
TCGA-06-0648	EUR	0.99996	1e-05	1e-05	1e-05	1e-05	Blood Derived Normal
TCGA-06-0649	EUR	0.986892	0.008708	1e-05	1e-05	0.00438	Blood Derived Normal
TCGA-06-0650	EUR	0.9599	1e-05	0.000378	0.029964	0.009748	Blood Derived Normal
TCGA-06-0686	AMR	1e-05	0.046006	0.953964	1e-05	1e-05	Blood Derived Normal
TCGA-06-0743	EUR	0.993418	1e-05	1e-05	0.006552	1e-05	Blood Derived Normal
TCGA-06-0744	EUR	0.998309	1e-05	0.000932	1e-05	0.000739	Blood Derived Normal
TCGA-06-0745	EUR	0.870887	1e-05	1e-05	0.109534	0.019559	Blood Derived Normal
TCGA-06-0747	EUR	0.995449	0.004319	1e-05	0.000212	1e-05	Blood Derived Normal
TCGA-06-0749	EUR	0.862028	1e-05	1e-05	0.118712	0.01924	Blood Derived Normal
TCGA-06-0750	EUR	0.997366	1e-05	1e-05	0.002233	0.00038	Blood Derived Normal
TCGA-06-0875	EUR	0.997347	0.000609	1e-05	0.002023	1e-05	Blood Derived Normal
TCGA-06-0876	EUR	0.951814	0.006608	1e-05	1e-05	0.041558	Blood Derived Normal
TCGA-06-0877	EUR	0.965876	0.016885	0.001971	0.015259	1e-05	Blood Derived Normal
TCGA-06-0878	EUR	0.992909	0.002211	1e-05	0.003359	0.001511	Blood Derived Normal
TCGA-06-0879	EUR	0.99996	1e-05	1e-05	1e-05	1e-05	Blood Derived Normal
TCGA-06-0881	EUR	0.993353	1e-05	1e-05	0.001703	0.004924	Blood Derived Normal
TCGA-06-0882	EUR	0.98282	0.009201	1e-05	1e-05	0.007959	Blood Derived Normal
TCGA-06-0939	EUR	0.83765	1e-05	1e-05	0.145092	0.017238	Blood Derived Normal
TCGA-06-1084	EUR	0.978751	0.00281	1e-05	1e-05	0.01842	Blood Derived Normal
TCGA-06-1086	EUR	0.972327	1e-05	0.006687	1e-05	0.020966	Blood Derived Normal
TCGA-06-1087	EUR	0.989114	1e-05	0.010548	1e-05	0.000318	Blood Derived Normal
TCGA-06-1800	EUR	0.988924	0.006588	1e-05	2.3e-05	0.004456	Blood Derived Normal
TCGA-06-1801	EUR	0.831651	1e-05	1e-05	0.099741	0.068589	Blood Derived Normal
TCGA-06-1802	EUR	0.944028	0.002653	0.002978	0.049281	0.00106	Blood Derived Normal
TCGA-06-1804	AFR	0.370532	1e-05	0.018441	1e-05	0.611007	Blood Derived Normal
TCGA-06-1805	EUR	0.993745	1e-05	1e-05	0.005364	0.000871	Blood Derived Normal
TCGA-06-1806	EUR	0.970563	1e-05	0.004792	0.024235	4e-04	Blood Derived Normal
TCGA-06-2557	AFR	0.317487	0.001509	0.012287	1e-05	0.668706	Blood Derived Normal
TCGA-06-2558	EUR	0.982051	1e-05	0.010813	1e-05	0.007116	Blood Derived Normal
TCGA-06-2559	EUR	0.621007	0.012132	0.016359	0.341526	0.008977	Blood Derived Normal
TCGA-06-2561	EAS	0.016035	0.906478	1e-05	0.074579	0.002899	Blood Derived Normal
TCGA-06-2562	SAS	0.08033	0.397892	0.023516	0.490578	0.007684	Blood Derived Normal
TCGA-06-2563	EUR	0.992928	0.003067	1e-05	0.003985	1e-05	Blood Derived Normal
TCGA-06-2564	EUR	0.978297	0.003965	1e-05	0.017719	1e-05	Blood Derived Normal
TCGA-06-2565	SAS	0.315975	1e-05	1e-05	0.683995	1e-05	Blood Derived Normal
TCGA-06-2566	EUR	0.99983	1e-05	1e-05	0.00014	1e-05	Blood Derived Normal
TCGA-06-2567	EUR	0.966771	0.00992	0.02017	1e-05	0.003129	Blood Derived Normal
TCGA-06-2569	EUR	0.851962	0.000966	1e-05	0.116712	0.03035	Blood Derived Normal
TCGA-06-2570	EUR	0.934486	1e-05	0.001231	0.058621	0.005652	Blood Derived Normal
TCGA-06-5408	AFR	0.115314	1e-05	0.044624	1e-05	0.840042	Blood Derived Normal
TCGA-06-5410	EUR	0.983273	0.001694	1e-05	0.008094	0.006929	Blood Derived Normal
TCGA-06-5411	EUR	0.991079	1e-05	1e-05	0.000502	0.008399	Blood Derived Normal
TCGA-06-5412	EUR	0.847459	0.006272	1e-05	0.099221	0.047038	Blood Derived Normal
TCGA-06-5413	EUR	0.994039	1e-05	0.003212	0.002523	0.000217	Blood Derived Normal
TCGA-06-5414	EUR	0.942181	0.011585	0.013897	1e-05	0.032326	Blood Derived Normal
TCGA-06-5415	EUR	0.974483	0.012863	1e-05	0.012634	1e-05	Blood Derived Normal
TCGA-06-5416	EUR	0.995658	1e-05	1e-05	0.004312	1e-05	Blood Derived Normal
TCGA-06-5417	EUR	0.76872	0.030054	0.007613	0.024938	0.168676	Blood Derived Normal
TCGA-06-5418	EUR	0.613765	1e-05	1e-05	0.37715	0.009065	Blood Derived Normal
TCGA-06-5856	EUR	0.954098	0.013704	0.004517	1e-05	0.027672	Blood Derived Normal
TCGA-06-5858	AFR	0.200713	0.008395	1e-05	1e-05	0.790872	Blood Derived Normal
TCGA-06-5859	EUR	0.778857	1e-05	1e-05	0.216695	0.004428	Blood Derived Normal
TCGA-06-6388	EUR	0.979202	0.020768	1e-05	1e-05	1e-05	Blood Derived Normal
TCGA-06-6389	EUR	0.99996	1e-05	1e-05	1e-05	1e-05	Blood Derived Normal
TCGA-06-6390	EUR	0.91797	0.023394	0.019255	0.025262	0.014119	Blood Derived Normal
TCGA-06-6391	EUR	0.873922	1e-05	0.00036	0.119527	0.006182	Blood Derived Normal
TCGA-06-6693	EUR	0.964632	0.010227	1e-05	0.022777	0.002353	Blood Derived Normal
TCGA-06-6694	EUR	0.974635	0.023629	1e-05	1e-05	0.001716	Blood Derived Normal
TCGA-06-6695	EUR	0.983416	1e-05	1e-05	0.005375	0.011189	Blood Derived Normal
TCGA-06-6697	EUR	0.988632	0.003034	1e-05	0.008037	0.000287	Blood Derived Normal
TCGA-06-6698	EUR	0.99361	0.001588	1e-05	1e-05	0.004782	Blood Derived Normal
TCGA-06-6699	AFR	0.09675	0.000756	0.02057	1e-05	0.881914	Blood Derived Normal
TCGA-06-6700	EUR	0.974171	1e-05	1e-05	0.018516	0.007294	Blood Derived Normal
TCGA-06-6701	EUR	0.991138	0.002485	1e-05	0.006357	1e-05	Blood Derived Normal
TCGA-06-A5U0	EUR	0.982957	0.001906	0.008818	0.00522	0.0011	Blood Derived Normal
TCGA-06-A5U1	AFR	0.063189	0.003608	1e-05	1e-05	0.933183	Blood Derived Normal
TCGA-06-A6S0	AFR	0.157963	1e-05	0.023314	0.01322	0.805493	Blood Derived Normal
TCGA-06-A6S1	AFR	0.096582	0.005238	1e-05	0.007188	0.890983	Blood Derived Normal
TCGA-06-A7TK	EUR	0.517937	1e-05	1e-05	1e-05	0.482033	Blood Derived Normal
TCGA-06-A7TL	AFR	0.260056	0.000206	0.03227	0.000671	0.706798	Blood Derived Normal
TCGA-09-0364	EUR	0.992408	0.000981	1e-05	0.005624	0.000977	Blood Derived Normal
TCGA-09-0365	EUR	0.987815	1e-05	1.1e-05	0.012154	1e-05	Blood Derived Normal
TCGA-09-0366	EUR	0.964334	0.000825	0.001889	0.023724	0.009228	Blood Derived Normal
TCGA-09-0367	EAS	0.20721	0.737758	1e-05	0.04058	0.014441	Blood Derived Normal
TCGA-09-0369	EUR	0.862216	1e-05	1e-05	0.115006	0.022759	Blood Derived Normal
TCGA-09-1659	EUR	0.979731	0.008915	1e-05	1e-05	0.011333	Blood Derived Normal
TCGA-09-1661	EUR	0.998159	0.001811	1e-05	1e-05	1e-05	Blood Derived Normal
TCGA-09-1662	EUR	0.986981	1e-05	0.001412	0.010053	0.001543	Blood Derived Normal
TCGA-09-1666	EUR	0.969462	0.012909	1e-05	1e-05	0.017609	Blood Derived Normal
TCGA-09-1667	EUR	0.994327	1e-05	1e-05	0.005643	1e-05	Blood Derived Normal
TCGA-09-1668	EUR	0.970721	0.003761	0.017013	0.006996	0.001509	Blood Derived Normal
TCGA-09-1669	EUR	0.809967	0.023737	0.006543	0.159388	0.000366	Blood Derived Normal
TCGA-09-1670	EUR	0.981374	1e-05	1e-05	0.017923	0.000682	Blood Derived Normal
TCGA-09-1672	EUR	0.972603	1e-05	0.013113	0.012743	0.001531	Blood Derived Normal
TCGA-09-1673	EUR	0.996136	0.002809	1e-05	0.001034	1e-05	Blood Derived Normal
TCGA-09-1674	EUR	0.918756	1e-05	1e-05	0.07695	0.004274	Blood Derived Normal
TCGA-09-1675	AMR	0.201234	0.000915	0.797831	1e-05	1e-05	Blood Derived Normal
TCGA-09-2044	EAS	0.002007	0.941131	1e-05	0.049521	0.00733	Blood Derived Normal
TCGA-09-2048	EAS	1e-05	0.988535	1e-05	0.011435	1e-05	Blood Derived Normal
TCGA-09-2049	EUR	0.971073	1e-05	1e-05	0.022675	0.006232	Blood Derived Normal
TCGA-09-2050	EUR	0.993871	0.001672	1e-05	1e-05	0.004437	Blood Derived Normal
TCGA-09-2051	EUR	0.849123	1e-05	0.01446	0.119182	0.017225	Blood Derived Normal
TCGA-09-2053	EUR	0.97752	1.5e-05	1e-05	0.019191	0.003265	Blood Derived Normal
TCGA-09-2055	EUR	0.975833	1e-05	0.015329	0.008277	0.00055	Blood Derived Normal
TCGA-2A-A8VL	EUR	0.484958	0.000165	0.312191	0.016756	0.185929	Blood Derived Normal
TCGA-2A-A8VO	EUR	0.992666	0.001269	0.003636	1e-05	0.00242	Blood Derived Normal
TCGA-2A-A8VT	SAS	0.230588	1e-05	0.017436	0.732625	0.01934	Blood Derived Normal
TCGA-2A-A8VV	EUR	0.472707	0.027167	0.15143	1e-05	0.348687	Blood Derived Normal
TCGA-2A-A8VX	EUR	0.991532	1e-05	1e-05	0.007698	0.00075	Blood Derived Normal
TCGA-2A-A8W1	EAS	0.159896	0.765236	0.003138	1e-05	0.07172	Blood Derived Normal
TCGA-2A-A8W3	EUR	0.880087	1e-05	1e-05	0.099881	0.020013	Blood Derived Normal
TCGA-2A-AAYF	EUR	0.944197	1e-05	1e-05	0.043212	0.012571	Blood Derived Normal
TCGA-2A-AAYO	EUR	0.841976	1e-05	0.01327	0.117277	0.027467	Blood Derived Normal
TCGA-2A-AAYU	EUR	0.990872	1e-05	1e-05	1e-05	0.009098	Blood Derived Normal
TCGA-2E-A9G8	AFR	0.142632	0.001045	1e-05	1e-05	0.856303	Blood Derived Normal
TCGA-2F-A9KP	EUR	0.99996	1e-05	1e-05	1e-05	1e-05	Blood Derived Normal
TCGA-2F-A9KR	EUR	0.999055	1e-05	1e-05	1e-05	0.000915	Blood Derived Normal
TCGA-2F-A9KT	EUR	0.99996	1e-05	1e-05	1e-05	1e-05	Blood Derived Normal
TCGA-2F-A9KW	EUR	0.976253	1e-05	0.017052	0.006675	1e-05	Blood Derived Normal
TCGA-2G-AAEW	EUR	0.991016	1e-05	1e-05	0.008256	0.000708	Blood Derived Normal
TCGA-2G-AAEX	EUR	0.99996	1e-05	1e-05	1e-05	1e-05	Blood Derived Normal
TCGA-2G-AAF1	EAS	0.003151	0.995443	1e-05	1e-05	0.001386	Blood Derived Normal
TCGA-2G-AAF4	EUR	0.99996	1e-05	1e-05	1e-05	1e-05	Blood Derived Normal
TCGA-2G-AAF6	EUR	0.99996	1e-05	1e-05	1e-05	1e-05	Blood Derived Normal
TCGA-2G-AAF8	EUR	0.992778	0.006275	0.000498	0.000436	1.3e-05	Blood Derived Normal
TCGA-2G-AAFE	EUR	0.99996	1e-05	1e-05	1e-05	1e-05	Blood Derived Normal
TCGA-2G-AAFG	EUR	0.98946	1e-05	1e-05	0.010279	0.000241	Blood Derived Normal
TCGA-2G-AAFH	EUR	0.99996	1e-05	1e-05	1e-05	1e-05	Blood Derived Normal
TCGA-2G-AAFI	EUR	0.999235	1e-05	0.000383	1e-05	0.000362	Blood Derived Normal
TCGA-2G-AAFJ	EUR	0.740254	0.018289	0.041381	0.198657	0.001418	Blood Derived Normal
TCGA-2G-AAFL	EUR	0.967116	0.005287	1e-05	1e-05	0.027577	Blood Derived Normal
TCGA-2G-AAFM	EUR	0.9967	0.000274	1e-05	0.003006	1e-05	Blood Derived Normal
TCGA-2G-AAFN	EUR	0.501998	0.000313	1e-05	0.497669	1e-05	Blood Derived Normal
TCGA-2G-AAFO	EUR	0.99996	1e-05	1e-05	1e-05	1e-05	Blood Derived Normal
TCGA-2G-AAFV	EUR	0.997861	1e-05	1e-05	1e-05	0.002109	Blood Derived Normal
TCGA-2G-AAFY	EUR	0.987524	1e-05	0.003631	0.008826	1e-05	Blood Derived Normal
TCGA-2G-AAFZ	EUR	0.989244	0.00716	1e-05	1e-05	0.003576	Blood Derived Normal
TCGA-2G-AAG0	EUR	0.998367	1.3e-05	0.0016	1e-05	1e-05	Blood Derived Normal
TCGA-2G-AAG3	EUR	0.99996	1e-05	1e-05	1e-05	1e-05	Blood Derived Normal
TCGA-2G-AAG5	EUR	0.996752	0.000557	1e-05	0.001569	0.001113	Blood Derived Normal
TCGA-2G-AAG6	EUR	0.957605	0.005608	1e-05	0.02099	0.015788	Blood Derived Normal
TCGA-2G-AAG7	EUR	0.989076	0.005045	1e-05	0.005859	1e-05	Blood Derived Normal
TCGA-2G-AAG8	EUR	0.990869	1e-05	0.003866	1e-05	0.005245	Blood Derived Normal
TCGA-2G-AAG9	EUR	0.99995	1.8e-05	1e-05	1.3e-05	1e-05	Blood Derived Normal
TCGA-2G-AAGA	EUR	0.995307	0.000554	1e-05	1e-05	0.004119	Blood Derived Normal
TCGA-2G-AAGC	EUR	0.980478	1e-05	0.019027	1e-05	0.000475	Blood Derived Normal
TCGA-2G-AAGE	EUR	0.99996	1e-05	1e-05	1e-05	1e-05	Blood Derived Normal
TCGA-2G-AAGF	EUR	0.996923	1e-05	1e-05	0.001787	0.001269	Blood Derived Normal
TCGA-2G-AAGG	EUR	0.998481	1e-05	1e-05	0.001489	1e-05	Blood Derived Normal
TCGA-2G-AAGI	EUR	0.988903	1e-05	1e-05	0.00992	0.001157	Blood Derived Normal
TCGA-2G-AAGJ	AFR	0.332317	1e-05	0.003652	0.005923	0.658099	Blood Derived Normal
TCGA-2G-AAGK	EUR	0.99867	1e-05	1e-05	0.0013	1e-05	Blood Derived Normal
TCGA-2G-AAGM	EUR	0.993999	1e-05	0.005593	1e-05	0.000388	Blood Derived Normal
TCGA-2G-AAGN	EUR	0.996274	1e-05	1e-05	0.003696	1e-05	Blood Derived Normal
TCGA-2G-AAGO	EUR	0.991472	1e-05	1e-05	0.008498	1e-05	Blood Derived Normal
TCGA-2G-AAGP	EUR	0.998446	0.001524	1e-05	1e-05	1e-05	Blood Derived Normal
TCGA-2G-AAGS	EUR	0.947195	0.040167	0.008887	1e-05	0.003741	Blood Derived Normal
TCGA-2G-AAGT	EUR	0.983833	1e-05	0.012718	1e-05	0.003428	Blood Derived Normal
TCGA-2G-AAGV	EUR	0.998455	1e-05	0.00025	1e-05	0.001275	Blood Derived Normal
TCGA-2G-AAGW	EUR	0.999824	0.000146	1e-05	1e-05	1e-05	Blood Derived Normal
TCGA-2G-AAGX	EUR	0.995523	1e-05	1e-05	1e-05	0.004447	Blood Derived Normal
TCGA-2G-AAGY	EUR	0.876321	0.079997	0.030719	0.012953	1e-05	Blood Derived Normal
TCGA-2G-AAGZ	EUR	0.923577	0.004303	0.00568	0.063013	0.003426	Blood Derived Normal
TCGA-2G-AAH0	EUR	0.995688	1e-05	0.002893	1e-05	0.001398	Blood Derived Normal
TCGA-2G-AAH2	EUR	0.99996	1e-05	1e-05	1e-05	1e-05	Blood Derived Normal
TCGA-2G-AAH3	EUR	0.99996	1e-05	1e-05	1e-05	1e-05	Blood Derived Normal
TCGA-2G-AAH4	EUR	0.99996	1e-05	1e-05	1e-05	1e-05	Blood Derived Normal
TCGA-2G-AAH8	EUR	0.998484	0.001482	1.3e-05	1e-05	1e-05	Blood Derived Normal
TCGA-2G-AAHA	EUR	0.985458	1.2e-05	1e-05	0.011656	0.002863	Blood Derived Normal
TCGA-2G-AAHC	EUR	0.997757	1e-05	1e-05	0.002213	1e-05	Blood Derived Normal
TCGA-2G-AAHG	EUR	0.980402	0.001669	0.010723	0.005257	0.001949	Blood Derived Normal
TCGA-2G-AAHL	EUR	0.988633	1e-05	0.005413	1e-05	0.005934	Blood Derived Normal
TCGA-2G-AAHN	EUR	0.99996	1e-05	1e-05	1e-05	1e-05	Blood Derived Normal
TCGA-2G-AAHP	EUR	0.973738	1e-05	1e-05	1e-05	0.026232	Blood Derived Normal
TCGA-2G-AAHT	EUR	0.998497	1e-05	1e-05	1e-05	0.001473	Blood Derived Normal
TCGA-2G-AAKD	EUR	0.99996	1e-05	1e-05	1e-05	1e-05	Blood Derived Normal
TCGA-2G-AAKG	EUR	0.888203	1e-05	1e-05	0.102671	0.009106	Blood Derived Normal
TCGA-2G-AAKH	EUR	0.99996	1e-05	1e-05	1e-05	1e-05	Blood Derived Normal
TCGA-2G-AAKL	EUR	0.567448	0.392382	1e-05	0.038604	0.001556	Blood Derived Normal
TCGA-2G-AAKM	EUR	0.999186	0.000784	1e-05	1e-05	1e-05	Blood Derived Normal
TCGA-2G-AAKO	EUR	0.999202	1e-05	1e-05	0.000768	1e-05	Blood Derived Normal
TCGA-2G-AAL5	EUR	0.99996	1e-05	1e-05	1e-05	1e-05	Blood Derived Normal
TCGA-2G-AAL7	EUR	0.994165	1e-05	1e-05	0.005805	1e-05	Blood Derived Normal
TCGA-2G-AALF	EUR	0.998516	1e-05	1e-05	1e-05	0.001454	Blood Derived Normal
TCGA-2G-AALG	EUR	0.997299	1e-05	1e-05	0.002671	1e-05	Blood Derived Normal
TCGA-2G-AALN	EUR	0.996822	0.003094	1e-05	1e-05	6.4e-05	Blood Derived Normal
TCGA-2G-AALO	EUR	0.99109	1e-05	1e-05	0.004396	0.004494	Blood Derived Normal
TCGA-2G-AALP	EUR	0.997824	1e-05	1e-05	0.002146	1e-05	Blood Derived Normal
TCGA-2G-AALQ	EUR	0.99996	1e-05	1e-05	1e-05	1e-05	Blood Derived Normal
TCGA-2G-AALR	EUR	0.997871	1e-05	1e-05	0.002099	1e-05	Blood Derived Normal
TCGA-2G-AALS	EUR	0.994779	1e-05	0.002857	1e-05	0.002344	Blood Derived Normal
TCGA-2G-AALT	EUR	0.999499	1e-05	1e-05	1e-05	0.000471	Blood Derived Normal
TCGA-2G-AALW	EAS	1e-05	0.988966	1e-05	0.011004	1e-05	Blood Derived Normal
TCGA-2G-AALX	EUR	0.999781	0.000189	1e-05	1e-05	1e-05	Blood Derived Normal
TCGA-2G-AALY	EUR	0.994246	0.005724	1e-05	1e-05	1e-05	Blood Derived Normal
TCGA-2G-AALZ	EUR	0.99996	1e-05	1e-05	1e-05	1e-05	Blood Derived Normal
TCGA-2G-AAM2	EUR	0.998099	1e-05	1e-05	0.001871	1e-05	Blood Derived Normal
TCGA-2G-AAM3	EUR	0.994644	1e-05	1e-05	0.005151	0.000185	Blood Derived Normal
TCGA-2G-AAM4	EUR	0.981065	1e-05	0.018905	1e-05	1e-05	Blood Derived Normal
TCGA-2J-AAB1	EUR	0.985976	1e-05	1e-05	0.013994	1e-05	Blood Derived Normal
TCGA-2J-AAB4	EUR	0.981145	0.001076	0.007543	0.010227	1e-05	Blood Derived Normal
TCGA-2J-AAB6	EUR	0.99996	1e-05	1e-05	1e-05	1e-05	Blood Derived Normal
TCGA-2J-AAB8	EUR	0.995007	0.004963	1e-05	1e-05	1e-05	Blood Derived Normal
TCGA-2J-AAB9	EUR	0.998453	0.001517	1e-05	1e-05	1e-05	Blood Derived Normal
TCGA-2J-AABA	EUR	0.992339	1e-05	1e-05	0.007631	1e-05	Blood Derived Normal
TCGA-2J-AABE	EUR	0.978886	0.004217	1e-05	0.006846	0.010041	Blood Derived Normal
TCGA-2J-AABF	EUR	0.996063	1e-05	1e-05	0.003907	1e-05	Blood Derived Normal
TCGA-2J-AABH	EUR	0.999953	1e-05	1e-05	1.7e-05	1e-05	Blood Derived Normal
TCGA-2J-AABI	EUR	0.99996	1e-05	1e-05	1e-05	1e-05	Blood Derived Normal
TCGA-2J-AABK	EUR	0.991914	0.000465	0.006639	0.000972	1e-05	Blood Derived Normal
TCGA-2J-AABO	EUR	0.989103	0.002596	0.005301	0.00299	1e-05	Blood Derived Normal
TCGA-2J-AABP	EUR	0.984507	1e-05	0.002723	0.012751	1e-05	Blood Derived Normal
TCGA-2J-AABR	EUR	0.997258	0.000593	1e-05	0.002128	1e-05	Blood Derived Normal
TCGA-2J-AABT	EUR	0.983857	1e-05	1e-05	0.016113	1e-05	Blood Derived Normal
TCGA-2J-AABU	EUR	0.656272	0.044973	0.298734	1e-05	1e-05	Blood Derived Normal
TCGA-2J-AABV	EUR	0.995741	1e-05	1e-05	0.004229	1e-05	Blood Derived Normal
TCGA-2K-A9WE	EUR	0.991934	0.003868	1e-05	0.000828	0.00336	Blood Derived Normal
TCGA-2V-A95S	EAS	0.012421	0.913334	0.060736	1e-05	0.013499	Blood Derived Normal
TCGA-2W-A8YY	EUR	0.990008	0.004357	0.00542	1e-05	0.000205	Blood Derived Normal
TCGA-2X-A9D5	EUR	0.999956	1.4e-05	1e-05	1e-05	1e-05	Blood Derived Normal
TCGA-2X-A9D6	EUR	0.804766	1e-05	1e-05	0.167947	0.027266	Blood Derived Normal
TCGA-2Y-A9GS	EUR	0.566848	1e-05	0.332398	0.029176	0.071568	Blood Derived Normal
TCGA-2Y-A9GT	EUR	0.942307	0.017513	0.005116	1e-05	0.035054	Blood Derived Normal
TCGA-2Y-A9GU	EUR	0.914234	0.013964	1e-05	0.001879	0.069913	Blood Derived Normal
TCGA-2Y-A9GV	EUR	0.997267	1e-05	1e-05	0.002703	1e-05	Blood Derived Normal
TCGA-2Y-A9GW	EUR	0.969105	0.00566	0.005454	1e-05	0.019771	Blood Derived Normal
TCGA-2Y-A9GX	EUR	0.99996	1e-05	1e-05	1e-05	1e-05	Blood Derived Normal
TCGA-2Y-A9GY	EUR	0.959934	1e-05	0.027699	1e-05	0.012347	Blood Derived Normal
TCGA-2Y-A9GZ	EUR	0.976441	0.003254	1e-05	0.020284	1e-05	Blood Derived Normal
TCGA-2Y-A9H0	EUR	0.497016	0.004657	0.372889	0.014315	0.111124	Blood Derived Normal
TCGA-2Y-A9H1	EUR	0.970403	0.00195	0.002121	1e-05	0.025516	Blood Derived Normal
TCGA-2Y-A9H2	EUR	0.922547	0.013355	0.000436	1e-05	0.063652	Blood Derived Normal
TCGA-2Y-A9H3	EUR	0.56529	0.00299	0.340493	0.010741	0.080486	Blood Derived Normal
TCGA-2Y-A9H4	AFR	0.046894	0.003593	0.041385	1e-05	0.908118	Blood Derived Normal
TCGA-2Y-A9H5	EUR	0.965834	0.009372	0.006656	1e-05	0.018129	Blood Derived Normal
TCGA-2Y-A9H6	EUR	0.995412	0.000183	1e-05	0.000156	0.004238	Blood Derived Normal
TCGA-2Y-A9H7	EUR	0.995252	1e-05	1e-05	1e-05	0.004718	Blood Derived Normal
TCGA-2Y-A9H8	EUR	0.994491	0.004818	1e-05	1e-05	0.000671	Blood Derived Normal
TCGA-2Y-A9H9	EUR	0.976905	1e-05	0.020265	1e-05	0.002811	Blood Derived Normal
TCGA-2Y-A9HA	EUR	0.999233	1e-05	1e-05	1e-05	0.000737	Blood Derived Normal
TCGA-2Y-A9HB	EUR	0.478127	1e-05	0.26627	0.001135	0.254458	Blood Derived Normal
TCGA-2Z-A9J1	EUR	0.972754	1e-05	0.016619	0.006776	0.003842	Blood Derived Normal
TCGA-2Z-A9J2	EUR	0.989393	0.008385	1e-05	0.001663	0.000549	Blood Derived Normal
TCGA-2Z-A9J3	EUR	0.980532	1e-05	1e-05	0.01817	0.001278	Blood Derived Normal
TCGA-2Z-A9J5	EUR	0.871175	1e-05	1e-05	0.091266	0.037539	Blood Derived Normal
TCGA-2Z-A9J6	EUR	0.852573	1e-05	1e-05	0.091898	0.05551	Blood Derived Normal
TCGA-2Z-A9J7	AFR	0.311414	1e-05	1e-05	0.005216	0.68335	Blood Derived Normal
TCGA-2Z-A9J8	EUR	0.995362	0.004132	1e-05	1e-05	0.000486	Blood Derived Normal
TCGA-2Z-A9J9	EUR	0.989361	1e-05	1e-05	0.010609	1e-05	Blood Derived Normal
TCGA-2Z-A9JD	EUR	0.963432	0.003952	1e-05	1e-05	0.032596	Blood Derived Normal
TCGA-2Z-A9JE	EUR	0.907051	1e-05	0.056074	0.00615	0.030715	Blood Derived Normal
TCGA-2Z-A9JG	EUR	0.962618	0.004859	1e-05	1e-05	0.032503	Blood Derived Normal
TCGA-2Z-A9JI	EUR	0.994674	1e-05	1e-05	0.005166	0.000139	Blood Derived Normal
TCGA-2Z-A9JJ	EUR	0.917141	0.009225	0.013209	1e-05	0.060415	Blood Derived Normal
TCGA-2Z-A9JK	EUR	0.99996	1e-05	1e-05	1e-05	1e-05	Blood Derived Normal
TCGA-2Z-A9JL	AFR	0.105132	0.000333	0.028734	0.003662	0.862139	Blood Derived Normal
TCGA-2Z-A9JM	EUR	0.994416	0.001092	1e-05	0.004472	1e-05	Blood Derived Normal
TCGA-2Z-A9JN	AFR	0.009828	0.00269	1e-05	1e-05	0.987462	Blood Derived Normal
TCGA-2Z-A9JO	AFR	0.01862	0.007932	0.028492	0.016986	0.927971	Blood Derived Normal
TCGA-2Z-A9JP	EUR	0.992949	1e-05	0.006824	1e-05	0.000207	Blood Derived Normal
TCGA-2Z-A9JQ	EUR	0.960631	0.007471	1e-05	1e-05	0.031878	Blood Derived Normal
TCGA-2Z-A9JR	EUR	0.999454	1e-05	1e-05	1e-05	0.000516	Blood Derived Normal
TCGA-2Z-A9JS	EUR	0.987164	0.001785	0.011031	1e-05	1e-05	Blood Derived Normal
TCGA-2Z-A9JT	EUR	0.989185	1e-05	1e-05	1e-05	0.010785	Blood Derived Normal
TCGA-3A-A9I5	EUR	0.947291	1e-05	1e-05	0.009602	0.043087	Blood Derived Normal
TCGA-3A-A9I7	AFR	0.157225	0.005051	0.01365	0.009312	0.814762	Blood Derived Normal
TCGA-3A-A9I9	EUR	0.931665	0.00392	0.00291	0.028344	0.033161	Blood Derived Normal
TCGA-3A-A9IB	EUR	0.86108	0.006884	0.076626	0.007603	0.047806	Blood Derived Normal
TCGA-3A-A9IC	EUR	0.984051	1e-05	1e-05	0.009986	0.005943	Blood Derived Normal
TCGA-3A-A9IH	EUR	0.924948	0.01873	1e-05	1e-05	0.056301	Blood Derived Normal
TCGA-3A-A9IJ	EUR	0.979056	0.001167	1e-05	1e-05	0.019757	Blood Derived Normal
TCGA-3A-A9IL	EUR	0.971944	0.016168	1e-05	1e-05	0.011868	Blood Derived Normal
TCGA-3A-A9IR	EUR	0.884185	1e-05	1e-05	0.092255	0.02354	Blood Derived Normal
TCGA-3A-A9IU	EUR	0.944312	0.007087	1e-05	0.005805	0.042786	Blood Derived Normal
TCGA-3A-A9IV	EUR	0.935265	0.006521	0.010382	1e-05	0.047823	Blood Derived Normal
TCGA-3A-A9IX	EUR	0.876249	0.007148	0.007283	0.055511	0.053809	Blood Derived Normal
TCGA-3A-A9IZ	EUR	0.832368	0.006394	0.103153	0.011634	0.04645	Blood Derived Normal
TCGA-3B-A9HI	EUR	0.994019	0.003256	0.000245	1e-05	0.00247	Blood Derived Normal
TCGA-3B-A9HJ	EUR	0.885351	1e-05	1e-05	0.080817	0.033811	Blood Derived Normal
TCGA-3B-A9HL	EUR	0.98833	0.006319	1e-05	1e-05	0.005331	Blood Derived Normal
TCGA-3B-A9HO	EUR	0.990117	1e-05	1e-05	1e-05	0.009853	Blood Derived Normal
TCGA-3B-A9HP	EUR	0.987102	0.007345	0.000956	1e-05	0.004587	Blood Derived Normal
TCGA-3B-A9HQ	EUR	0.906363	0.012646	1e-05	0.018725	0.062257	Blood Derived Normal
TCGA-3B-A9HR	AFR	0.002576	1e-05	1e-05	1e-05	0.997394	Blood Derived Normal
TCGA-3B-A9HS	EUR	0.996648	0.000912	1e-05	0.000316	0.002115	Blood Derived Normal
TCGA-3B-A9HT	EUR	0.98209	0.000347	1e-05	0.003394	0.014159	Blood Derived Normal
TCGA-3B-A9HU	AFR	0.053278	0.001165	1e-05	1e-05	0.945537	Blood Derived Normal
TCGA-3B-A9HV	EUR	0.965273	0.004969	1e-05	0.001506	0.028242	Blood Derived Normal
TCGA-3B-A9HX	EUR	0.977088	0.00226	1e-05	1e-05	0.020632	Blood Derived Normal
TCGA-3B-A9HY	EUR	0.981003	0.009491	0.007878	1e-05	0.001619	Blood Derived Normal
TCGA-3B-A9HZ	EUR	0.90547	1e-05	1e-05	0.078786	0.015724	Blood Derived Normal
TCGA-3B-A9I0	EUR	0.980843	0.009193	1e-05	1e-05	0.009943	Blood Derived Normal
TCGA-3B-A9I1	AFR	0.2547	0.007514	0.011414	1e-05	0.726362	Blood Derived Normal
TCGA-3B-A9I3	EUR	0.976205	0.006351	0.001525	1e-05	0.015908	Blood Derived Normal
TCGA-3C-AAAU	EUR	0.774145	1e-05	1e-05	0.175964	0.049871	Blood Derived Normal
TCGA-3C-AALI	AFR	0.02413	0.001938	0.034336	1e-05	0.939585	Blood Derived Normal
TCGA-3C-AALJ	AFR	0.152903	1e-05	1e-05	1e-05	0.847067	Blood Derived Normal
TCGA-3C-AALK	AFR	1e-05	0.024868	0.192811	0.160465	0.621846	Blood Derived Normal
TCGA-3E-AAAY	EUR	0.890256	1e-05	1e-05	0.091503	0.018221	Blood Derived Normal
TCGA-3E-AAAZ	AFR	0.391425	1e-05	0.043944	1e-05	0.564611	Blood Derived Normal
TCGA-3H-AB3K	EUR	0.998473	1e-05	0.000965	1e-05	0.000541	Blood Derived Normal
TCGA-3H-AB3L	EUR	0.955057	1e-05	0.017986	0.011751	0.015195	Blood Derived Normal
TCGA-3H-AB3M	EUR	0.988816	1e-05	0.003596	0.007568	1e-05	Blood Derived Normal
TCGA-3H-AB3O	EUR	0.98605	0.01392	1e-05	1e-05	1e-05	Blood Derived Normal
TCGA-3H-AB3S	EUR	0.996702	0.000255	1e-05	1e-05	0.003023	Blood Derived Normal
TCGA-3H-AB3T	EUR	0.995114	1e-05	1e-05	0.004856	1e-05	Blood Derived Normal
TCGA-3H-AB3U	EUR	0.99996	1e-05	1e-05	1e-05	1e-05	Blood Derived Normal
TCGA-3H-AB3X	EUR	0.813095	0.012746	1e-05	0.174139	1e-05	Blood Derived Normal
TCGA-3K-AAZ8	AFR	0.141081	0.004517	1e-05	0.000986	0.853407	Blood Derived Normal
TCGA-3L-AA1B	EUR	0.683686	1e-05	1e-05	0.310798	0.005496	Blood Derived Normal
TCGA-3M-AB46	AMR	0.041673	0.028762	0.929545	1e-05	1e-05	Blood Derived Normal
TCGA-3M-AB47	AFR	0.070947	0.016616	1e-05	0.002033	0.910395	Blood Derived Normal
TCGA-3N-A9WB	EUR	0.976706	0.004587	0.003296	0.001021	0.014389	Blood Derived Normal
TCGA-3N-A9WC	EUR	0.999409	1e-05	1e-05	1e-05	0.000561	Blood Derived Normal
TCGA-3N-A9WD	EUR	0.99996	1e-05	1e-05	1e-05	1e-05	Blood Derived Normal
TCGA-3P-A9WA	AFR	0.250218	1.1e-05	1e-05	0.006382	0.743379	Blood Derived Normal
TCGA-3Q-A9WF	AFR	0.169146	0.006946	0.00121	1e-05	0.822688	Blood Derived Normal
TCGA-3R-A8YX	AMR	0.394636	0.019805	0.562517	0.010072	0.012971	Blood Derived Normal
TCGA-3S-A8YW	AMR	0.490723	0.000366	0.496391	0.01251	1e-05	Blood Derived Normal
TCGA-3S-AAYX	AMR	1.4e-05	0.094399	0.905567	1e-05	1e-05	Blood Derived Normal
TCGA-3T-AA9L	EUR	0.869282	1e-05	1e-05	0.108936	0.021761	Blood Derived Normal
TCGA-3U-A98D	EUR	0.995724	1e-05	1e-05	0.004246	1e-05	Blood Derived Normal
TCGA-3U-A98E	EUR	0.98126	0.004824	1e-05	0.013897	1e-05	Blood Derived Normal
TCGA-3U-A98F	EUR	0.871477	0.017777	1e-05	1e-05	0.110726	Blood Derived Normal
TCGA-3U-A98G	EUR	0.997484	1e-05	1e-05	0.002486	1e-05	Blood Derived Normal
TCGA-3U-A98H	EUR	0.98011	0.001071	1e-05	0.018799	1e-05	Blood Derived Normal
TCGA-3U-A98I	EUR	0.99996	1e-05	1e-05	1e-05	1e-05	Blood Derived Normal
TCGA-3U-A98J	EUR	0.976974	0.020755	0.00225	1e-05	1e-05	Blood Derived Normal
TCGA-3X-AAV9	EUR	0.656816	1e-05	1e-05	0.326754	0.01641	Blood Derived Normal
TCGA-3X-AAVA	EUR	0.987889	1e-05	1e-05	0.012081	1e-05	Blood Derived Normal
TCGA-3X-AAVB	EUR	0.995013	0.004957	1e-05	1e-05	1e-05	Blood Derived Normal
TCGA-3X-AAVC	EUR	0.969475	1e-05	1e-05	0.030495	1e-05	Blood Derived Normal
TCGA-3X-AAVE	EAS	0.002668	0.997302	1e-05	1e-05	1e-05	Blood Derived Normal
TCGA-3Z-A93Z	AFR	0.049957	1e-05	1e-05	0.009013	0.941009	Blood Derived Normal
TCGA-4A-A93W	EUR	0.992161	0.000134	1e-05	1e-05	0.007686	Blood Derived Normal
TCGA-4A-A93X	EUR	0.996666	1e-05	1.4e-05	1e-05	0.0033	Blood Derived Normal
TCGA-4A-A93Y	AFR	0.12316	1e-05	1e-05	1e-05	0.87681	Blood Derived Normal
